freq	dB(S(2,1))
1.00000000000000000E6	-7.95639326436933030E1
1.01000000000000000E8	-3.94741218841623940E1
2.01000000000000020E8	-3.34866103830725460E1
3.01000000000000020E8	-2.99625473449920680E1
4.00999999999999980E8	-2.74476960631127700E1
5.00999999999999980E8	-2.54838918648195010E1
6.00999999999999980E8	-2.38665718929705490E1
7.00999999999999980E8	-2.24864632925761840E1
8.00999999999999980E8	-2.12782786242895390E1
9.00999999999999980E8	-2.01998779638529370E1
1.00099999999999990E9	-1.92224749187668140E1
1.10100000000000000E9	-1.83255315912810750E1
1.20100000000000010E9	-1.74938828852807290E1
1.30099999999999990E9	-1.67160155496523010E1
1.40100000000000000E9	-1.59829870545764470E1
1.50099999999999990E9	-1.52877189014472160E1
1.60099999999999980E9	-1.46245192120986320E1
1.70099999999999980E9	-1.39887512045058230E1
1.80099999999999970E9	-1.33765976154353130E1
1.90099999999999980E9	-1.27848900855734060E1
2.00099999999999990E9	-1.22109836867316400E1
2.10100000000000000E9	-1.16526635706476630E1
2.20099999999999960E9	-1.11080749835815750E1
2.30099999999999970E9	-1.05756706341280470E1
2.40099999999999980E9	-1.00541712041511830E1
2.50099999999999990E9	-9.54253599669028850E0
2.60100000000000000E9	-9.03994152650266440E0
2.70100000000000010E9	-8.54576640541228020E0
2.80100000000000020E9	-8.05958123468032820E0
2.90100000000000020E9	-7.58114243957097140E0
3.00100000000000030E9	-7.11038909825199640E0
3.10100000000000000E9	-6.64744184825802440E0
3.20100000000000050E9	-6.19260291332177640E0
3.30100000000000060E9	-5.74635619438872340E0
3.40100000000000070E9	-5.30936622662091830E0
3.50100000000000030E9	-4.88247464129670840E0
3.60100000000000040E9	-4.46669262013141120E0
3.70100000000000050E9	-4.06318773500648510E0
3.80100000000000060E9	-3.67326358682403200E0
3.90100000000000070E9	-3.29833086049155090E0
4.00100000000000030E9	-2.93986886438336100E0
4.10100000000000090E9	-2.59937736756088180E0
4.20100000000000050E9	-2.27831958786460300E0
4.30100000000000020E9	-1.97805845076050170E0
4.40100000000000070E9	-1.69978957944131510E0
4.50100000000000030E9	-1.44447565853716210E0
4.60100000000000090E9	-1.21278756152400960E0
4.70100000000000050E9	-1.00505769498944650E0
4.80100000000000020E9	-8.21250248152828990E-1
4.90100000000000070E9	-6.60951475507022220E-1
5.00100000000000030E9	-5.23381012280216410E-1
5.10100000000000090E9	-4.07422906596004090E-1
5.20100000000000050E9	-3.11672980750279380E-1
5.30100000000000020E9	-2.34497671250072100E-1
5.40100000000000070E9	-1.74098845871056000E-1
5.50100000000000030E9	-1.28579261761922850E-1
5.60100000000000090E9	-9.60041491188195910E-2
5.70100000000000050E9	-7.44556213679718400E-2
5.80100000000000020E9	-6.20779519697727800E-2
5.90100000000000070E9	-5.71129963195141420E-2
6.00100000000000030E9	-5.79260330360684690E-2
6.10100000000000090E9	-6.30229942897895780E-2
6.20100000000000050E9	-7.10604577568691110E-2
6.30100000000000020E9	-8.08499317957546100E-2
6.40100000000000070E9	-9.13579457073689130E-2
6.50100000000000030E9	-1.01703323032518570E-1
6.60100000000000090E9	-1.11152821806156130E-1
6.70100000000000050E9	-1.19116111261713000E-1
6.80100000000000020E9	-1.25140845278276960E-1
6.90100000000000070E9	-1.28908402671649200E-1
7.00100000000000030E9	-1.30230698117004720E-1
7.10100000000000090E9	-1.29048323784031420E-1
7.20100000000000050E9	-1.25430155485010710E-1
7.30100000000000020E9	-1.19574440858717110E-1
7.40100000000000070E9	-1.11811272358139350E-1
7.50100000000000030E9	-1.02606225965564520E-1
7.60100000000000090E9	-9.25648097582604380E-2
7.70100000000000050E9	-8.24372086492351560E-2
7.80100000000000020E9	-7.31226300813531700E-2
7.90100000000000070E9	-6.56723527375176100E-2
8.00100000000000120E9	-6.12903669324464050E-2
8.10100000000000090E9	-6.13302925804135410E-2
8.20100000000000050E9	-6.72871031890640570E-2
8.30100000000000020E9	-8.07821213550990080E-2
8.40099999999999980E9	-1.03539844068236400E-1
8.50100000000000120E9	-1.37355470654108560E-1
8.60100000000000090E9	-1.84052598145482540E-1
8.70100000000000050E9	-2.45431442118015750E-1
8.80100000000000020E9	-3.23209102080948530E-1
8.90099999999999980E9	-4.18954707161286240E-1
9.00100000000000120E9	-5.34023553279153070E-1
9.10100000000000090E9	-6.69495317240322580E-1
9.20100000000000050E9	-8.26121836462016470E-1
9.30100000000000020E9	-1.00428957371942710E0
9.40099999999999980E9	-1.20400068877528940E0
9.50100000000000120E9	-1.42487474937879480E0
9.60100000000000090E9	-1.66617084822954360E0
9.70100000000000050E9	-1.92682766845389410E0
9.80100000000000020E9	-2.20551726460943480E0
9.90099999999999980E9	-2.50070728396558200E0
1.00010000000000020E10	-2.81072614184971800E0
1.01010000000000000E10	-3.13382619621042210E0
1.02010000000000000E10	-3.46824101880536160E0
1.03009999999999980E10	-3.81223416016008800E0
1.04010000000000000E10	-4.16413810168597200E0
1.05010000000000000E10	-4.52238320003539760E0
1.06009999999999980E10	-4.88551726011868050E0
1.07009999999999980E10	-5.25221690385489290E0
1.08009999999999980E10	-5.62129216378417150E0
1.09010000000000010E10	-5.99168578352082280E0
1.10009999999999990E10	-6.36246861688058640E0
1.11009999999999990E10	-6.73283234415958630E0
1.12009999999999990E10	-7.10208051447648450E0
1.13009999999999990E10	-7.46961871012891620E0
1.14009999999999990E10	-7.83494443273506840E0
1.15009999999999990E10	-8.19763714186457370E0
1.16009999999999990E10	-8.55734873837229770E0
1.17009999999999990E10	-8.91379467588578040E0
1.18009999999999990E10	-9.26674580167099650E0
1.19009999999999990E10	-9.61602096821850340E0
1.20009999999999990E10	-9.96148041501704820E0
1.21010000000000000E10	-1.03030198921065110E1
1.22010000000000000E10	-1.06405654796704630E1
1.23009999999999970E10	-1.09740690483048640E1
1.24010000000000000E10	-1.13035043004329920E1
1.25010000000000000E10	-1.16288633329023860E1
1.26010000000000000E10	-1.19501536628033400E1
1.27009999999999980E10	-1.22673956620459990E1
1.28009999999999980E10	-1.25806203505519500E1
1.29010000000000000E10	-1.28898675025899490E1
1.30010000000000000E10	-1.31951840255006680E1
1.31009999999999980E10	-1.34966225746125000E1
1.32009999999999980E10	-1.37942403724267250E1
1.33009999999999980E10	-1.40880982040823350E1
1.34010000000000010E10	-1.43782595646696710E1
1.35009999999999990E10	-1.46647899371471380E1
1.36009999999999990E10	-1.49477561824394240E1
1.37009999999999990E10	-1.52272260257825140E1
1.38009999999999990E10	-1.55032676255584210E1
1.39009999999999990E10	-1.57759492127608710E1
1.40009999999999990E10	-1.60453387908822580E1
1.41009999999999990E10	-1.63115038874401750E1
1.42009999999999990E10	-1.65745113495969740E1
1.43009999999999990E10	-1.68344271773901390E1
1.44009999999999990E10	-1.70913163890092030E1
1.45009999999999990E10	-1.73452429133442430E1
1.46010000000000000E10	-1.75962695057103820E1
1.47010000000000000E10	-1.78444576832355150E1
1.48009999999999970E10	-1.80898676769003570E1
1.49010000000000000E10	-1.83325583976496390E1
1.50010000000000000E10	-1.85725874143632490E1
1.51010000000000000E10	-1.88100109417929810E1
1.52009999999999980E10	-1.90448838368430670E1
1.53009999999999980E10	-1.92772596018061520E1
1.54010000000000000E10	-1.95071903933675440E1
1.55010000000000000E10	-1.97347270363623360E1
1.56009999999999980E10	-1.99599190414183390E1
1.57009999999999980E10	-2.01828146257446890E1
1.58009999999999980E10	-2.04034607364354950E1
1.59010000000000010E10	-2.06219030757507140E1
1.60009999999999990E10	-2.08381861279183590E1
1.61009999999999990E10	-2.10523531870698700E1
1.62010000000000010E10	-2.12644463859811370E1
1.63009999999999990E10	-2.14745067253417240E1
1.64009999999999990E10	-2.16825741033192010E1
1.65009999999999970E10	-2.18886873452230680E1
1.66009999999999990E10	-2.20928842331046350E1
1.67010000000000010E10	-2.22952015351573120E1
1.68009999999999990E10	-2.24956750348053400E1
1.69009999999999990E10	-2.26943395593891270E1
1.70009999999999970E10	-2.28912290083730820E1
1.71010000000000000E10	-2.30863763810162800E1
1.72010000000000000E10	-2.32798138034593060E1
1.73009999999999970E10	-2.34715725551911800E1
1.74010000000000000E10	-2.36616830948696990E1
1.75009999999999980E10	-2.38501750854759550E1
1.76010000000000000E10	-2.40370774187907310E1
1.77010000000000000E10	-2.42224182391858810E1
1.78009999999999980E10	-2.44062249667284490E1
1.79010000000000000E10	-2.45885243195991570E1
1.80009999999999980E10	-2.47693423358303820E1
1.81009999999999980E10	-2.49487043943709660E1
1.82010000000000010E10	-2.51266352354879400E1
1.83009999999999980E10	-2.53031589805166050E1
1.84010000000000010E10	-2.54782991509719370E1
1.85009999999999990E10	-2.56520786870357220E1
1.86009999999999990E10	-2.58245199654340270E1
1.87010000000000010E10	-2.59956448167210000E1
1.88009999999999990E10	-2.61654745419848920E1
1.89009999999999990E10	-2.63340299289927420E1
1.90009999999999970E10	-2.65013312677902400E1
1.91009999999999990E10	-2.66673983657733430E1
1.92010000000000010E10	-2.68322505622482590E1
1.93009999999999990E10	-2.69959067424960390E1
1.94009999999999990E10	-2.71583853513580740E1
1.95009999999999970E10	-2.73197044063584780E1
1.96010000000000000E10	-2.74798815103789980E1
1.97010000000000000E10	-2.76389338639016340E1
1.98009999999999970E10	-2.77968782768342270E1
1.99010000000000000E10	-2.79537311799333650E1
2.00009999999999980E10	-2.81095086358389470E1
2.01010000000000000E10	-2.82642263497342050E1
2.02010000000000020E10	-2.84178996796445380E1
2.03010000000000000E10	-2.85705436463882380E1
2.04009999999999980E10	-2.87221729431915750E1
2.05009999999999960E10	-2.88728019449804970E1
2.06009999999999980E10	-2.90224447173607340E1
2.07010000000000010E10	-2.91711150252975230E1
2.08009999999999980E10	-2.93188263415060920E1
2.09010000000000010E10	-2.94655918545633710E1
2.10009999999999990E10	-2.96114244767512160E1
2.11010000000000010E10	-2.97563368516408430E1
2.12009999999999990E10	-2.99003413614281350E1
2.13009999999999970E10	-3.00434501340287860E1
2.14009999999999990E10	-3.01856750499420560E1
2.15009999999999970E10	-3.03270277488918130E1
2.16009999999999990E10	-3.04675196362526360E1
2.17010000000000010E10	-3.06071618892691520E1
2.18009999999999990E10	-3.07459654630758680E1
2.19010000000000020E10	-3.08839410965249520E1
2.20009999999999990E10	-3.10210993178286600E1
2.21009999999999970E10	-3.11574504500234410E1
2.22010000000000000E10	-3.12930046162618150E1
2.23009999999999970E10	-3.14277717449384660E1
2.24010000000000000E10	-3.15617615746563020E1
2.25009999999999980E10	-3.16949836590383780E1
2.26010000000000000E10	-3.18274473713910490E1
2.27010000000000020E10	-3.19591619092236370E1
2.28010000000000000E10	-3.20901362986298100E1
2.29009999999999980E10	-3.22203793985353840E1
2.30009999999999960E10	-3.23498999048174340E1
2.31009999999999980E10	-3.24787063542989920E1
2.32010000000000010E10	-3.26068071286239340E1
2.33009999999999980E10	-3.27342104580159890E1
2.34010000000000010E10	-3.28609244249260520E1
2.35009999999999990E10	-3.29869569675715460E1
2.36010000000000010E10	-3.31123158833716410E1
2.37009999999999990E10	-3.32370088322818090E1
2.38009999999999970E10	-3.33610433400311600E1
2.39009999999999990E10	-3.34844268012659540E1
2.40009999999999970E10	-3.36071664826023750E1
2.41009999999999990E10	-3.37292695255915250E1
2.42010000000000010E10	-3.38507429495999770E1
2.43009999999999990E10	-3.39715936546080770E1
2.44010000000000020E10	-3.40918284239294510E1
2.45009999999999990E10	-3.42114539268536080E1
2.46009999999999970E10	-3.43304767212148710E1
2.47010000000000000E10	-3.44489032558894780E1
2.48009999999999970E10	-3.45667398732235490E1
2.49010000000000000E10	-3.46839928113940130E1
2.50009999999999980E10	-3.48006682067047770E1
2.51010000000000000E10	-3.49167720958201280E1
2.52010000000000020E10	-3.50323104179374400E1
2.53010000000000000E10	-3.51472890169011130E1
2.54009999999999980E10	-3.52617136432595850E1
2.55009999999999960E10	-3.53755899562673770E1
2.56009999999999980E10	-3.54889235258336200E1
2.57010000000000010E10	-3.56017198344189990E1
2.58009999999999980E10	-3.57139842788826820E1
2.59010000000000010E10	-3.58257221722806780E1
2.60009999999999990E10	-3.59369387456172260E1
2.61010000000000010E10	-3.60476391495506920E1
2.62009999999999990E10	-3.61578284560552410E1
2.63009999999999970E10	-3.62675116600398000E1
2.64009999999999990E10	-3.63766936809255140E1
2.65009999999999970E10	-3.64853793641829680E1
2.66009999999999990E10	-3.65935734828303530E1
2.67010000000000010E10	-3.67012807388939160E1
2.68009999999999990E10	-3.68085057648316030E1
2.69010000000000020E10	-3.69152531249211210E1
2.70009999999999990E10	-3.70215273166134650E1
2.71009999999999970E10	-3.71273327718528500E1
2.72010000000000000E10	-3.72326738583642140E1
2.73009999999999970E10	-3.73375548809090100E1
2.74010000000000000E10	-3.74419800825103750E1
2.75009999999999980E10	-3.75459536456485180E1
2.76010000000000000E10	-3.76494796934272010E1
2.77010000000000020E10	-3.77525622907121330E1
2.78010000000000000E10	-3.78552054452419370E1
2.79009999999999980E10	-3.79574131087128920E1
2.80009999999999960E10	-3.80591891778376600E1
2.81009999999999980E10	-3.81605374953791190E1
2.82010000000000010E10	-3.82614618511598350E1
2.83009999999999980E10	-3.83619659830478810E1
2.84010000000000010E10	-3.84620535779197460E1
2.85009999999999990E10	-3.85617282726008040E1
2.86010000000000010E10	-3.86609936547840990E1
2.87009999999999990E10	-3.87598532639280570E1
2.88009999999999970E10	-3.88583105921335650E1
2.89009999999999990E10	-3.89563690850011080E1
2.90009999999999970E10	-3.90540321424684580E1
2.91009999999999990E10	-3.91513031196294610E1
2.92010000000000010E10	-3.92481853275343790E1
2.93009999999999990E10	-3.93446820339723670E1
2.94010000000000020E10	-3.94407964642364780E1
2.95009999999999990E10	-3.95365318018717330E1
2.96009999999999970E10	-3.96318911894066030E1
2.97010000000000000E10	-3.97268777290685420E1
2.98009999999999970E10	-3.98214944834836700E1
2.99010000000000000E10	-3.99157444763613970E1
3.00009999999999980E10	-4.00096306931640470E1
3.01010000000000000E10	-4.01031560817620920E1
3.02010000000000020E10	-4.01963235530752530E1
3.03010000000000000E10	-4.02891359816998930E1
3.04009999999999980E10	-4.03815962065230490E1
3.05009999999999960E10	-4.04737070313233540E1
3.06009999999999980E10	-4.05654712253592910E1
3.07010000000000010E10	-4.06568915239451020E1
3.08009999999999980E10	-4.07479706290145940E1
3.09010000000000010E10	-4.08387112096731290E1
3.10009999999999990E10	-4.09291159027381820E1
3.11010000000000010E10	-4.10191873132687410E1
3.12009999999999990E10	-4.11089280150837230E1
3.13009999999999970E10	-4.11983405512697940E1
3.14009999999999990E10	-4.12874274346787650E1
3.15009999999999970E10	-4.13761911484149710E1
3.16009999999999990E10	-4.14646341463126070E1
3.17010000000000010E10	-4.15527588534035170E1
3.18009999999999990E10	-4.16405676663756450E1
3.19010000000000020E10	-4.17280629540221510E1
3.20009999999999990E10	-4.18152470576816440E1
3.21009999999999970E10	-4.19021222916697230E1
3.22010000000000000E10	-4.19886909437018920E1
3.23010000000000020E10	-4.20749552753082320E1
3.24009999999999950E10	-4.21609175222398050E1
3.25009999999999980E10	-4.22465798948672690E1
3.26010000000000000E10	-4.23319445785716300E1
3.27010000000000020E10	-4.24170137341274070E1
3.28010000000000000E10	-4.25017894980785460E1
3.29009999999999980E10	-4.25862739831068640E1
3.30009999999999960E10	-4.26704692783936230E1
3.31009999999999980E10	-4.27543774499741860E1
3.32010000000000010E10	-4.28380005410858100E1
3.33010000000000030E10	-4.29213405725089460E1
3.34009999999999960E10	-4.30043995429021390E1
3.35009999999999990E10	-4.30871794291305400E1
3.36010000000000010E10	-4.31696821865882900E1
3.37009999999999990E10	-4.32519097495149650E1
3.38010000000000010E10	-4.33338640313060530E1
3.39009999999999940E10	-4.34155469248177630E1
3.40009999999999970E10	-4.34969603026661480E1
3.41009999999999990E10	-4.35781060175207550E1
3.42010000000000010E10	-4.36589859023929620E1
3.43010000000000040E10	-4.37396017709189700E1
3.44009999999999970E10	-4.38199554176377410E1
3.45009999999999990E10	-4.39000486182638120E1
3.46009999999999970E10	-4.39798831299552880E1
3.47010000000000000E10	-4.40594606915770020E1
3.48010000000000020E10	-4.41387830239589100E1
3.49009999999999950E10	-4.42178518301499410E1
3.50009999999999980E10	-4.42966687956673160E1
3.51010000000000000E10	-4.43752355887414930E1
3.52010000000000020E10	-4.44535538605567200E1
3.53010000000000000E10	-4.45316252454874380E1
3.54009999999999980E10	-4.46094513613305300E1
3.55009999999999960E10	-4.46870338095334580E1
3.56009999999999980E10	-4.47643741754185510E1
3.57010000000000010E10	-4.48414740284033280E1
3.58010000000000030E10	-4.49183349222170230E1
3.59009999999999960E10	-4.49949583951134540E1
3.60009999999999990E10	-4.50713459700801700E1
3.61010000000000010E10	-4.51474991550440660E1
3.62009999999999990E10	-4.52234194430735230E1
3.63010000000000010E10	-4.52991083125770720E1
3.64009999999999940E10	-4.53745672274987740E1
3.65009999999999970E10	-4.54497976375102560E1
3.66009999999999990E10	-4.55248009781994960E1
3.67010000000000010E10	-4.55995786712566090E1
3.68010000000000040E10	-4.56741321246563370E1
3.69009999999999970E10	-4.57484627328376800E1
3.70009999999999990E10	-4.58225718768804310E1
3.71009999999999970E10	-4.58964609246789120E1
3.72010000000000000E10	-4.59701312311127990E1
3.73010000000000020E10	-4.60435841382151170E1
3.74009999999999950E10	-4.61168209753376160E1
3.75009999999999980E10	-4.61898430593132850E1
3.76010000000000000E10	-4.62626516946164120E1
3.77010000000000020E10	-4.63352481735199540E1
3.78010000000000000E10	-4.64076337762504030E1
3.79009999999999980E10	-4.64798097711401680E1
3.80009999999999960E10	-4.65517774147775220E1
3.81009999999999980E10	-4.66235379521541750E1
3.82010000000000010E10	-4.66950926168104720E1
3.83010000000000030E10	-4.67664426309783470E1
3.84009999999999960E10	-4.68375892057219460E1
3.85009999999999990E10	-4.69085335410761320E1
3.86010000000000010E10	-4.69792768261827740E1
3.87009999999999990E10	-4.70498202394248550E1
3.88010000000000010E10	-4.71201649485586050E1
3.89009999999999940E10	-4.71903121108434930E1
3.90009999999999970E10	-4.72602628731702800E1
3.91009999999999990E10	-4.73300183721870220E1
3.92010000000000010E10	-4.73995797344232010E1
3.93010000000000040E10	-4.74689480764119500E1
3.94009999999999970E10	-4.75381245048103370E1
3.95009999999999990E10	-4.76071101165179740E1
3.96009999999999970E10	-4.76759059987936240E1
3.97010000000000000E10	-4.77445132293702470E1
3.98010000000000020E10	-4.78129328765681640E1
3.99009999999999950E10	-4.78811659994066030E1
4.00009999999999980E10	-4.79492136477135220E1
4.01009999999999960E10	-4.80170768622338610E1
4.02010000000000020E10	-4.80847566747361110E1
4.03010000000000000E10	-4.81522541081173470E1
4.04009999999999980E10	-4.82195701765066790E1
4.05009999999999960E10	-4.82867058853672400E1
4.06010000000000030E10	-4.83536622315965750E1
4.07010000000000010E10	-4.84204402036256360E1
4.08009999999999980E10	-4.84870407815163330E1
4.09009999999999960E10	-4.85534649370575980E1
4.10010000000000030E10	-4.86197136338601420E1
4.11010000000000100E10	-4.86857878274497670E1
4.12010000000000080E10	-4.87516884653593860E1
4.13010000000000050E10	-4.88174164872196670E1
4.14010000000000030E10	-4.88829728248484500E1
4.15010000000000010E10	-4.89483584023388120E1
4.16010000000000080E10	-4.90135741361458970E1
4.17010000000000060E10	-4.90786209351725590E1
4.18010000000000040E10	-4.91434997008537260E1
4.19010000000000020E10	-4.92082113272396170E1
4.20010000000000080E10	-4.92727567010777800E1
4.21010000000000060E10	-4.93371367018939380E1
4.22010000000000040E10	-4.94013522020717750E1
4.23010000000000020E10	-4.94654040669315530E1
4.24010000000000000E10	-4.95292931548076430E1
4.25010000000000070E10	-4.95930203171249850E1
4.26010000000000040E10	-4.96565863984745270E1
4.27010000000000110E10	-4.97199922366875760E1
4.28010000000000000E10	-4.97832386629090880E1
4.29010000000000070E10	-4.98463265016701040E1
4.30010000000000050E10	-4.99092565709590020E1
4.31010000000000030E10	-4.99720296822919430E1
4.32010000000000090E10	-5.00346466407822370E1
4.33009999999999980E10	-5.00971082452088550E1
4.34010000000000050E10	-5.01594152880839590E1
4.35010000000000030E10	-5.02215685557195710E1
4.36010000000000100E10	-5.02835688282932570E1
4.37010000000000080E10	-5.03454168799130920E1
4.38010000000000050E10	-5.04071134786815290E1
4.39010000000000030E10	-5.04686593867586540E1
4.40010000000000010E10	-5.05300553604244400E1
4.41010000000000080E10	-5.05913021501402230E1
4.42010000000000060E10	-5.06524005006093870E1
4.43010000000000040E10	-5.07133511508372070E1
4.44010000000000020E10	-5.07741548341899570E1
4.45010000000000080E10	-5.08348122784531940E1
4.46010000000000060E10	-5.08953242058893270E1
4.47010000000000040E10	-5.09556913332943750E1
4.48010000000000020E10	-5.10159143720540430E1
4.49010000000000000E10	-5.10759940281990500E1
4.50010000000000070E10	-5.11359310024597670E1
4.51010000000000040E10	-5.11957259903200510E1
4.52010000000000110E10	-5.12553796820705720E1
4.53010000000000000E10	-5.13148927628612310E1
4.54010000000000070E10	-5.13742659127531190E1
4.55010000000000050E10	-5.14334998067696510E1
4.56010000000000030E10	-5.14925951149471750E1
4.57010000000000090E10	-5.15515525023848210E1
4.58009999999999980E10	-5.16103726292938080E1
4.59010000000000050E10	-5.16690561510461070E1
4.60010000000000030E10	-5.17276037182224970E1
4.61010000000000100E10	-5.17860159766599450E1
4.62010000000000080E10	-5.18442935674985070E1
4.63010000000000050E10	-5.19024371272275880E1
4.64010000000000030E10	-5.19604472877316060E1
4.65010000000000010E10	-5.20183246763351370E1
4.66010000000000080E10	-5.20760699158474430E1
4.67010000000000060E10	-5.21336836246064990E1
4.68010000000000040E10	-5.21911664165224650E1
4.69010000000000020E10	-5.22485189011206330E1
4.70010000000000080E10	-5.23057416835837860E1
4.71010000000000060E10	-5.23628353647941310E1
4.72010000000000040E10	-5.24198005413746770E1
4.73010000000000020E10	-5.24766378057300910E1
4.74010000000000000E10	-5.25333477460870670E1
4.75010000000000070E10	-5.25899309465342670E1
4.76010000000000040E10	-5.26463879870616670E1
4.77010000000000110E10	-5.27027194435995220E1
4.78010000000000000E10	-5.27589258880568670E1
4.79010000000000070E10	-5.28150078883594710E1
4.80010000000000050E10	-5.28709660084874060E1
4.81010000000000030E10	-5.29268008085121530E1
4.82010000000000090E10	-5.29825128446333070E1
4.83009999999999980E10	-5.30381026692147190E1
4.84010000000000050E10	-5.30935708308204020E1
4.85010000000000030E10	-5.31489178742498060E1
4.86010000000000100E10	-5.32041443405728560E1
4.87010000000000080E10	-5.32592507671644990E1
4.88010000000000050E10	-5.33142376877388100E1
4.89010000000000030E10	-5.33691056323827780E1
4.90010000000000010E10	-5.34238551275896520E1
4.91010000000000080E10	-5.34784866962918760E1
4.92010000000000060E10	-5.35330008578937380E1
4.93010000000000040E10	-5.35873981283035410E1
4.94010000000000020E10	-5.36416790199654510E1
4.95010000000000080E10	-5.36958440418909430E1
4.96010000000000060E10	-5.37498936996899430E1
4.97010000000000040E10	-5.38038284956016000E1
4.98010000000000020E10	-5.38576489285246130E1
4.99010000000000000E10	-5.39113554940473700E1
5.00010000000000070E10	-5.39649486844775960E1
5.01010000000000040E10	-5.40184289888717830E1
5.02010000000000110E10	-5.40717968930642010E1
5.03010000000000000E10	-5.41250528796956230E1
5.04010000000000070E10	-5.41781974282417430E1
5.05010000000000050E10	-5.42312310150412010E1
5.06010000000000030E10	-5.42841541133233820E1
5.07010000000000090E10	-5.43369671932358590E1
5.08009999999999980E10	-5.43896707218715300E1
5.09010000000000050E10	-5.44422651632954670E1
5.10010000000000030E10	-5.44947509785714250E1
5.11010000000000100E10	-5.45471286257881530E1
5.12009999999999990E10	-5.45993985600853020E1
5.13010000000000050E10	-5.46515612336791360E1
5.14009999999999940E10	-5.47036170958878910E1
5.15010000000000010E10	-5.47555665931568750E1
5.16009999999999990E10	-5.48074101690833880E1
5.17009999999999970E10	-5.48591482644411600E1
5.18010000000000040E10	-5.49107813172047800E1
5.19009999999999930E10	-5.49623097625736270E1
5.20009999999999990E10	-5.50137340329957070E1
5.21009999999999970E10	-5.50650545581911470E1
5.22010000000000040E10	-5.51162717651754350E1
5.23010000000000020E10	-5.51673860782824830E1
5.24010000000000000E10	-5.52183979191873680E1
5.25009999999999980E10	-5.52693077069288030E1
5.26009999999999960E10	-5.53201158579315070E1
5.27010000000000020E10	-5.53708227860281800E1
5.28010000000000000E10	-5.54214289024813220E1
5.29009999999999980E10	-5.54719346160048230E1
5.30009999999999960E10	-5.55223403327853140E1
5.31010000000000030E10	-5.55726464565032520E1
5.32010000000000010E10	-5.56228533883538740E1
5.33009999999999980E10	-5.56729615270677950E1
5.34009999999999960E10	-5.57229712689315360E1
5.35009999999999940E10	-5.57728830078077650E1
5.36010000000000010E10	-5.58226971351552950E1
5.37009999999999990E10	-5.58724140400489140E1
5.38010000000000050E10	-5.59220341091990480E1
5.39009999999999940E10	-5.59715577269711150E1
5.40010000000000010E10	-5.60209852754047780E1
5.41009999999999990E10	-5.60703171342329300E1
5.42009999999999970E10	-5.61195536809005620E1
5.43010000000000040E10	-5.61686952905833170E1
5.44009999999999930E10	-5.62177423362059780E1
5.45009999999999990E10	-5.62666951884607070E1
5.46009999999999970E10	-5.63155542158250460E1
5.47010000000000040E10	-5.63643197845798570E1
5.48010000000000020E10	-5.64129922588269840E1
5.49010000000000000E10	-5.64615720005067520E1
5.50009999999999980E10	-5.65100593694153290E1
5.51009999999999960E10	-5.65584547232218520E1
5.52010000000000020E10	-5.66067584174854140E1
5.53010000000000000E10	-5.66549708056719140E1
5.54009999999999980E10	-5.67030922391706580E1
5.55009999999999960E10	-5.67511230673108450E1
5.56010000000000030E10	-5.67990636373778910E1
5.57010000000000010E10	-5.68469142946295670E1
5.58009999999999980E10	-5.68946753823119790E1
5.59009999999999960E10	-5.69423472416754170E1
5.60009999999999940E10	-5.69899302119900140E1
5.61010000000000010E10	-5.70374246305612510E1
5.62009999999999990E10	-5.70848308327453320E1
5.63010000000000050E10	-5.71321491519643840E1
5.64009999999999940E10	-5.71793799197215340E1
5.65010000000000010E10	-5.72265234656157950E1
5.66009999999999990E10	-5.72735801173568770E1
5.67009999999999970E10	-5.73205502007797390E1
5.68010000000000040E10	-5.73674340398591460E1
5.69009999999999930E10	-5.74142319567239310E1
5.70009999999999990E10	-5.74609442716712590E1
5.71009999999999970E10	-5.75075713031806490E1
5.72010000000000040E10	-5.75541133679278790E1
5.73010000000000020E10	-5.76005707807988540E1
5.74010000000000000E10	-5.76469438549031650E1
5.75009999999999980E10	-5.76932329015876720E1
5.76009999999999960E10	-5.77394382304498950E1
5.77010000000000020E10	-5.77855601493512690E1
5.78010000000000000E10	-5.78315989644302690E1
5.79009999999999980E10	-5.78775549801154380E1
5.80009999999999960E10	-5.79234284991383050E1
5.81010000000000030E10	-5.79692198225460850E1
5.82010000000000010E10	-5.80149292497144040E1
5.83009999999999980E10	-5.80605570783597450E1
5.84009999999999960E10	-5.81061036045519330E1
5.85009999999999940E10	-5.81515691227263520E1
5.86010000000000010E10	-5.81969539256961800E1
5.87009999999999990E10	-5.82422583046644160E1
5.88010000000000050E10	-5.82874825492358180E1
5.89009999999999940E10	-5.83326269474287700E1
5.90010000000000010E10	-5.83776917856870000E1
5.91009999999999990E10	-5.84226773488911630E1
5.92009999999999970E10	-5.84675839203703870E1
5.93010000000000040E10	-5.85124117819136470E1
5.94009999999999930E10	-5.85571612137810770E1
5.95009999999999990E10	-5.86018324947151380E1
5.96009999999999970E10	-5.86464259019517350E1
5.97010000000000040E10	-5.86909417112311700E1
5.98010000000000020E10	-5.87353801968090570E1
5.99010000000000000E10	-5.87797416314670680E1
6.00009999999999980E10	-5.88240262865236390E1
6.01009999999999960E10	-5.88682344318445680E1
6.02010000000000020E10	-5.89123663358534880E1
6.03010000000000000E10	-5.89564222655422570E1
6.04009999999999980E10	-5.90004024864812670E1
6.05009999999999960E10	-5.90443072628296760E1
6.06010000000000030E10	-5.90881368573454590E1
6.07010000000000010E10	-5.91318915313954730E1
6.08009999999999980E10	-5.91755715449654040E1
6.09009999999999960E10	-5.92191771566695820E1
6.10009999999999940E10	-5.92627086237607340E1
6.11010000000000010E10	-5.93061662021396610E1
6.12009999999999990E10	-5.93495501463648270E1
6.13010000000000050E10	-5.93928607096618230E1
6.14009999999999940E10	-5.94360981439328210E1
6.15010000000000010E10	-5.94792626997658400E1
6.16009999999999990E10	-5.95223546264440720E1
6.17009999999999970E10	-5.95653741719549410E1
6.18010000000000040E10	-5.96083215829992860E1
6.19009999999999930E10	-5.96511971050002730E1
6.20009999999999990E10	-5.96940009821123760E1
6.21009999999999970E10	-5.97367334572301890E1
6.22010000000000040E10	-5.97793947719971900E1
6.23010000000000020E10	-5.98219851668144460E1
6.24010000000000000E10	-5.98645048808492050E1
6.25009999999999980E10	-5.99069541520434610E1
6.26009999999999960E10	-5.99493332171223600E1
6.27010000000000020E10	-5.99916423116026460E1
6.28010000000000000E10	-6.00338816698009390E1
6.29009999999999980E10	-6.00760515248419850E1
6.30009999999999960E10	-6.01181521086668450E1
6.31010000000000030E10	-6.01601836520409710E1
6.32010000000000010E10	-6.02021463845622760E1
6.33009999999999980E10	-6.02440405346690080E1
6.34009999999999960E10	-6.02858663296477370E1
6.35009999999999940E10	-6.03276239956411600E1
6.36010000000000010E10	-6.03693137576558230E1
6.37009999999999990E10	-6.04109358395698150E1
6.38010000000000050E10	-6.04524904641404340E1
6.39009999999999940E10	-6.04939778530117420E1
6.40010000000000010E10	-6.05353982267220130E1
6.41009999999999990E10	-6.05767518047112130E1
6.42009999999999970E10	-6.06180388053283540E1
6.43010000000000040E10	-6.06592594458387960E1
6.44009999999999930E10	-6.07004139424315080E1
6.45010000000000080E10	-6.07415025102262530E1
6.46009999999999970E10	-6.07825253632806820E1
6.47009999999999950E10	-6.08234827145974500E1
6.48010000000000020E10	-6.08643747761311630E1
6.49010000000000000E10	-6.09052017587953640E1
6.50010000000000070E10	-6.09459638724694220E1
6.51009999999999960E10	-6.09866613260053380E1
6.52009999999999930E10	-6.10272943272345450E1
6.53010000000000000E10	-6.10678630829746010E1
6.54009999999999980E10	-6.11083677990358790E1
6.55010000000000050E10	-6.11488086802281480E1
6.56010000000000030E10	-6.11891859303671380E1
6.57009999999999920E10	-6.12294997522810380E1
6.58009999999999980E10	-6.12697503478169470E1
6.59009999999999960E10	-6.13099379178472680E1
6.60010000000000030E10	-6.13500626622760060E1
6.61010000000000010E10	-6.13901247800450990E1
6.62009999999999900E10	-6.14301244691406460E1
6.63010000000000050E10	-6.14700619265991130E1
6.64009999999999940E10	-6.15099373485133770E1
6.65010000000000010E10	-6.15497509300389470E1
6.66009999999999990E10	-6.15895028653998810E1
6.67009999999999970E10	-6.16291933478948280E1
6.68010000000000040E10	-6.16688225699029500E1
6.69009999999999930E10	-6.17083907228898370E1
6.70010000000000080E10	-6.17478979974133150E1
6.71009999999999970E10	-6.17873445831292400E1
6.72009999999999950E10	-6.18267306687972960E1
6.73010000000000020E10	-6.18660564422866340E1
6.74010000000000000E10	-6.19053220905815760E1
6.75010000000000070E10	-6.19445277997871640E1
6.76009999999999960E10	-6.19836737551348180E1
6.77009999999999930E10	-6.20227601409877850E1
6.78010000000000000E10	-6.20617871408466470E1
6.79009999999999980E10	-6.21007549373547270E1
6.80010000000000050E10	-6.21396637123035410E1
6.81010000000000030E10	-6.21785136466380720E1
6.82009999999999920E10	-6.22173049204621260E1
6.83009999999999980E10	-6.22560377130435590E1
6.84009999999999960E10	-6.22947122028195640E1
6.85010000000000030E10	-6.23333285674017650E1
6.86010000000000010E10	-6.23718869835814170E1
6.87009999999999900E10	-6.24103876273345200E1
6.88010000000000050E10	-6.24488306738268140E1
6.89009999999999940E10	-6.24872162974188510E1
6.90010000000000010E10	-6.25255446716709700E1
6.91009999999999990E10	-6.25638159693482090E1
6.92009999999999970E10	-6.26020303624252690E1
6.93010000000000040E10	-6.26401880220913210E1
6.94009999999999930E10	-6.26782891187548510E1
6.95010000000000080E10	-6.27163338220484960E1
6.96009999999999970E10	-6.27543223008337050E1
6.97009999999999950E10	-6.27922547232055540E1
6.98010000000000020E10	-6.28301312564973810E1
6.99010000000000000E10	-6.28679520672854060E1
7.00010000000000070E10	-6.29057173213933930E1
7.01009999999999960E10	-6.29434271838972140E1
7.02009999999999930E10	-6.29810818191293280E1
7.03010000000000000E10	-6.30186813906833710E1
7.04009999999999980E10	-6.30562260614185720E1
7.05010000000000050E10	-6.30937159934642100E1
7.06010000000000030E10	-6.31311513482240020E1
7.07009999999999920E10	-6.31685322863804630E1
7.08009999999999980E10	-6.32058589678992890E1
7.09009999999999960E10	-6.32431315520336050E1
7.10010000000000030E10	-6.32803501973282590E1
7.11010000000000010E10	-6.33175150616240680E1
7.12009999999999900E10	-6.33546263020620160E1
7.13010000000000050E10	-6.33916840750874220E1
7.14009999999999940E10	-6.34286885364540610E1
7.15010000000000010E10	-6.34656398412283540E1
7.16009999999999990E10	-6.35025381437933680E1
7.17009999999999970E10	-6.35393835978528720E1
7.18010000000000040E10	-6.35761763564354340E1
7.19009999999999930E10	-6.36129165718983280E1
7.20010000000000080E10	-6.36496043959315210E1
7.21009999999999970E10	-6.36862399795616250E1
7.22009999999999950E10	-6.37228234731557650E1
7.23010000000000020E10	-6.37593550264254820E1
7.24010000000000000E10	-6.37958347884305610E1
7.25010000000000070E10	-6.38322629075828460E1
7.26009999999999960E10	-6.38686395316500550E1
7.27009999999999930E10	-6.39049648077594770E1
7.28010000000000000E10	-6.39412388824017870E1
7.29009999999999980E10	-6.39774619014346780E1
7.30010000000000050E10	-6.40136340100865730E1
7.31010000000000030E10	-6.40497553529603180E1
7.32009999999999920E10	-6.40858260740367140E1
7.33009999999999980E10	-6.41218463166781570E1
7.34009999999999960E10	-6.41578162236322400E1
7.35010000000000030E10	-6.41937359370352740E1
7.36010000000000010E10	-6.42296055984157910E1
7.37009999999999900E10	-6.42654253486980750E1
7.38010000000000050E10	-6.43011953282055690E1
7.39009999999999940E10	-6.43369156766644150E1
7.40010000000000010E10	-6.43725865332068010E1
7.41009999999999990E10	-6.44082080363743350E1
7.42009999999999970E10	-6.44437803241215070E1
7.43010000000000040E10	-6.44793035338189660E1
7.44009999999999930E10	-6.45147778022568290E1
7.45010000000000080E10	-6.45502032656480380E1
7.46009999999999970E10	-6.45855800596315980E1
7.47009999999999950E10	-6.46209083192758090E1
7.48010000000000020E10	-6.46561881790815820E1
7.49010000000000000E10	-6.46914197729855010E1
7.50010000000000070E10	-6.47266032343631270E1
7.51009999999999960E10	-6.47617386960321100E1
7.52009999999999930E10	-6.47968262902553430E1
7.53010000000000000E10	-6.48318661487440110E1
7.54009999999999980E10	-6.48668584026608390E1
7.55010000000000050E10	-6.49018031826229880E1
7.56010000000000030E10	-6.49367006187051480E1
7.57009999999999920E10	-6.49715508404426870E1
7.58009999999999980E10	-6.50063539768345060E1
7.59009999999999960E10	-6.50411101563460910E1
7.60010000000000030E10	-6.50758195069125110E1
7.61010000000000010E10	-6.51104821559412720E1
7.62009999999999900E10	-6.51450982303153300E1
7.63010000000000050E10	-6.51796678563959110E1
7.64009999999999940E10	-6.52141911600255050E1
7.65010000000000010E10	-6.52486682665306010E1
7.66009999999999990E10	-6.52830993007246270E1
7.67009999999999970E10	-6.53174843869107220E1
7.68010000000000040E10	-6.53518236488845620E1
7.69009999999999930E10	-6.53861172099371140E1
7.70010000000000080E10	-6.54203651928574640E1
7.71009999999999970E10	-6.54545677199354790E1
7.72009999999999950E10	-6.54887249129646240E1
7.73010000000000020E10	-6.55228368932445710E1
7.74010000000000000E10	-6.55569037815840080E1
7.75010000000000070E10	-6.55909256983031510E1
7.76009999999999960E10	-6.56249027632365940E1
7.77009999999999930E10	-6.56588350957357570E1
7.78010000000000000E10	-6.56927228146716140E1
7.79009999999999980E10	-6.57265660384372820E1
7.80010000000000050E10	-6.57603648849505440E1
7.81010000000000030E10	-6.57941194716565030E1
7.82009999999999920E10	-6.58278299155300320E1
7.83009999999999980E10	-6.58614963330783620E1
7.84009999999999960E10	-6.58951188403435670E1
7.85010000000000030E10	-6.59286975529051040E1
7.86010000000000010E10	-6.59622325858822660E1
7.87009999999999900E10	-6.59957240539365570E1
7.88010000000000050E10	-6.60291720712743140E1
7.89009999999999940E10	-6.60625767516489580E1
7.90010000000000010E10	-6.60959382083635650E1
7.91009999999999990E10	-6.61292565542731130E1
7.92009999999999970E10	-6.61625319017869630E1
7.93010000000000040E10	-6.61957643628712060E1
7.94009999999999930E10	-6.62289540490509230E1
7.95010000000000080E10	-6.62621010714127130E1
7.96009999999999970E10	-6.62952055406067850E1
7.97009999999999950E10	-6.63282675668494020E1
7.98010000000000020E10	-6.63612872599251350E1
7.99010000000000000E10	-6.63942647291891050E1
8.00009999999999980E10	-6.64272000835692910E1
8.01009999999999960E10	-6.64600934315687120E1
8.02009999999999930E10	-6.64929448812677040E1
8.03010000000000090E10	-6.65257545403261030E1
8.04009999999999890E10	-6.65585225159854410E1
8.05010000000000050E10	-6.65912489150711640E1
8.06010000000000030E10	-6.66239338439947650E1
8.07010000000000010E10	-6.66565774087559060E1
8.08009999999999980E10	-6.66891797149446750E1
8.09009999999999960E10	-6.67217408677435660E1
8.10010000000000120E10	-6.67542609719297090E1
8.11009999999999920E10	-6.67867401318769090E1
8.12009999999999900E10	-6.68191784515577500E1
8.13010000000000050E10	-6.68515760345456300E1
8.14010000000000030E10	-6.68839329840168690E1
8.15010000000000010E10	-6.69162494027527370E1
8.16009999999999990E10	-6.69485253931415070E1
8.17009999999999970E10	-6.69807610571803910E1
8.18009999999999950E10	-6.70129564964775960E1
8.19009999999999930E10	-6.70451118122544010E1
8.20010000000000080E10	-6.70772271053470170E1
8.21010000000000060E10	-6.71093024762085390E1
8.22009999999999860E10	-6.71413380249110680E1
8.23010000000000020E10	-6.71733338511473920E1
8.24010000000000000E10	-6.72052900542332040E1
8.25009999999999980E10	-6.72372067331087740E1
8.26009999999999960E10	-6.72690839863410160E1
8.27009999999999930E10	-6.73009219121252930E1
8.28010000000000090E10	-6.73327206082873350E1
8.29009999999999890E10	-6.73644801722850860E1
8.30010000000000050E10	-6.73962007012105420E1
8.31010000000000030E10	-6.74278822917917160E1
8.32010000000000010E10	-6.74595250403942790E1
8.33009999999999980E10	-6.74911290430235500E1
8.34009999999999960E10	-6.75226943953261660E1
8.35010000000000120E10	-6.75542211925920370E1
8.36009999999999920E10	-6.75857095297559770E1
8.37009999999999900E10	-6.76171595013995570E1
8.38010000000000050E10	-6.76485712017529120E1
8.39010000000000030E10	-6.76799447246964010E1
8.40010000000000010E10	-6.77112801637623820E1
8.41009999999999990E10	-6.77425776121369960E1
8.42009999999999970E10	-6.77738371626618360E1
8.43009999999999950E10	-6.78050589078356310E1
8.44009999999999930E10	-6.78362429398160140E1
8.45010000000000080E10	-6.78673893504211810E1
8.46010000000000060E10	-6.78984982311315390E1
8.47009999999999860E10	-6.79295696730914060E1
8.48010000000000020E10	-6.79606037671107100E1
8.49010000000000000E10	-6.79916006036665270E1
8.50009999999999980E10	-6.80225602729048000E1
8.51009999999999960E10	-6.80534828646419680E1
8.52009999999999930E10	-6.80843684683665180E1
8.53010000000000090E10	-6.81152171732406760E1
8.54009999999999890E10	-6.81460290681019390E1
8.55010000000000050E10	-6.81768042414647100E1
8.56010000000000030E10	-6.82075427815217770E1
8.57010000000000010E10	-6.82382447761460580E1
8.58009999999999980E10	-6.82689103128919860E1
8.59009999999999960E10	-6.82995394789971580E1
8.60010000000000120E10	-6.83301323613838200E1
8.61009999999999920E10	-6.83606890466604080E1
8.62009999999999900E10	-6.83912096211231280E1
8.63010000000000050E10	-6.84216941707573590E1
8.64010000000000030E10	-6.84521427812392420E1
8.65010000000000010E10	-6.84825555379371750E1
8.66009999999999990E10	-6.85129325259132130E1
8.67009999999999970E10	-6.85432738299246310E1
8.68009999999999950E10	-6.85735795344253240E1
8.69009999999999930E10	-6.86038497235672920E1
8.70010000000000080E10	-6.86340844812021620E1
8.71010000000000060E10	-6.86642838908824870E1
8.72009999999999860E10	-6.86944480358632340E1
8.73010000000000020E10	-6.87245769991032510E1
8.74010000000000000E10	-6.87546708632666710E1
8.75009999999999980E10	-6.87847297107242110E1
8.76009999999999960E10	-6.88147536235547190E1
8.77009999999999930E10	-6.88447426835464960E1
8.78010000000000090E10	-6.88746969721986170E1
8.79009999999999890E10	-6.89046165707224210E1
8.80010000000000050E10	-6.89345015600427580E1
8.81010000000000030E10	-6.89643520207994690E1
8.82010000000000010E10	-6.89941680333485600E1
8.83009999999999980E10	-6.90239496777637560E1
8.84009999999999960E10	-6.90536970338376400E1
8.85010000000000120E10	-6.90834101810830780E1
8.86009999999999920E10	-6.91130891987345390E1
8.87009999999999900E10	-6.91427341657493780E1
8.88010000000000050E10	-6.91723451608090740E1
8.89010000000000030E10	-6.92019222623206610E1
8.90010000000000010E10	-6.92314655484179030E1
8.91009999999999990E10	-6.92609750969625980E1
8.92009999999999970E10	-6.92904509855458440E1
8.93009999999999950E10	-6.93198932914893630E1
8.94009999999999930E10	-6.93493020918466830E1
8.95010000000000080E10	-6.93786774634043460E1
8.96010000000000060E10	-6.94080194826833190E1
8.97009999999999860E10	-6.94373282259399890E1
8.98010000000000020E10	-6.94666037691676590E1
8.99010000000000000E10	-6.94958461880975340E1
9.00009999999999980E10	-6.95250555582000200E1
9.01009999999999960E10	-6.95542319546859920E1
9.02009999999999930E10	-6.95833754525078520E1
9.03010000000000090E10	-6.96124861263608890E1
9.04009999999999890E10	-6.96415640506843130E1
9.05010000000000050E10	-6.96706092996625160E1
9.06010000000000030E10	-6.96996219472262090E1
9.07010000000000010E10	-6.97286020670535840E1
9.08009999999999980E10	-6.97575497325715330E1
9.09009999999999960E10	-6.97864650169566850E1
9.10010000000000120E10	-6.98153479931366580E1
9.11009999999999920E10	-6.98441987337910760E1
9.12009999999999900E10	-6.98730173113528790E1
9.13010000000000050E10	-6.99018037980092990E1
9.14010000000000030E10	-6.99305582657029400E1
9.15010000000000010E10	-6.99592807861330890E1
9.16009999999999990E10	-6.99879714307566130E1
9.17009999999999970E10	-7.00166302707891930E1
9.18009999999999950E10	-7.00452573772063400E1
9.19009999999999930E10	-7.00738528207445200E1
9.20010000000000080E10	-7.01024166719022190E1
9.21010000000000060E10	-7.01309490009410120E1
9.22009999999999860E10	-7.01594498778866440E1
9.23010000000000020E10	-7.01879193725301050E1
9.24010000000000000E10	-7.02163575544286100E1
9.25009999999999980E10	-7.02447644929067660E1
9.26009999999999960E10	-7.02731402570575090E1
9.27009999999999930E10	-7.03014849157432310E1
9.28010000000000090E10	-7.03297985375967190E1
9.29009999999999890E10	-7.03580811910222530E1
9.30010000000000050E10	-7.03863329441966100E1
9.31010000000000030E10	-7.04145538650700600E1
9.32010000000000010E10	-7.04427440213673870E1
9.33009999999999980E10	-7.04709034805889000E1
9.34009999999999960E10	-7.04990323100114140E1
9.35010000000000120E10	-7.05271305766892450E1
9.36009999999999920E10	-7.05551983474552010E1
9.37009999999999900E10	-7.05832356889216060E1
9.38010000000000050E10	-7.06112426674811470E1
9.39010000000000030E10	-7.06392193493080180E1
9.40010000000000010E10	-7.06671658003587580E1
9.41009999999999990E10	-7.06950820863732510E1
9.42009999999999970E10	-7.07229682728756610E1
9.43009999999999950E10	-7.07508244251754360E1
9.44009999999999930E10	-7.07786506083682280E1
9.45010000000000080E10	-7.08064468873367310E1
9.46010000000000060E10	-7.08342133267517760E1
9.47009999999999860E10	-7.08619499910731850E1
9.48010000000000020E10	-7.08896569445506670E1
9.49010000000000000E10	-7.09173342512247550E1
9.50009999999999980E10	-7.09449819749277390E1
9.51009999999999960E10	-7.09726001792845550E1
9.52009999999999930E10	-7.10001889277137190E1
9.53010000000000090E10	-7.10277482834281490E1
9.54009999999999890E10	-7.10552783094361740E1
9.55010000000000050E10	-7.10827790685422920E1
9.56010000000000030E10	-7.11102506233481790E1
9.57010000000000010E10	-7.11376930362534400E1
9.58009999999999980E10	-7.11651063694565970E1
9.59009999999999960E10	-7.11924906849558960E1
9.60010000000000120E10	-7.12198460445501970E1
9.61009999999999920E10	-7.12471725098397890E1
9.62009999999999900E10	-7.12744701422272970E1
9.63010000000000050E10	-7.13017390029185540E1
9.64010000000000030E10	-7.13289791529233510E1
9.65010000000000010E10	-7.13561906530563310E1
9.66009999999999990E10	-7.13833735639378820E1
9.67009999999999970E10	-7.14105279459948420E1
9.68009999999999950E10	-7.14376538594614630E1
9.69009999999999930E10	-7.14647513643801520E1
9.70010000000000080E10	-7.14918205206022610E1
9.71010000000000060E10	-7.15188613877890320E1
9.72009999999999860E10	-7.15458740254122730E1
9.73010000000000020E10	-7.15728584927552180E1
9.74010000000000000E10	-7.15998148489133260E1
9.75009999999999980E10	-7.16267431527951000E1
9.76009999999999960E10	-7.16536434631228050E1
9.77009999999999930E10	-7.16805158384333830E1
9.78010000000000090E10	-7.17073603370790820E1
9.79009999999999890E10	-7.17341770172283870E1
9.80010000000000050E10	-7.17609659368666810E1
9.81010000000000030E10	-7.17877271537970960E1
9.82010000000000010E10	-7.18144607256412120E1
9.83009999999999980E10	-7.18411667098398790E1
9.84009999999999960E10	-7.18678451636539430E1
9.85010000000000120E10	-7.18944961441650320E1
9.86009999999999920E10	-7.19211197082762690E1
9.87009999999999900E10	-7.19477159127130330E1
9.88010000000000050E10	-7.19742848140237430E1
9.89010000000000030E10	-7.20008264685805250E1
9.90010000000000010E10	-7.20273409325800350E1
9.91009999999999990E10	-7.20538282620440910E1
9.92009999999999970E10	-7.20802885128204900E1
9.93009999999999950E10	-7.21067217405836840E1
9.94009999999999930E10	-7.21331280008354980E1
9.95010000000000080E10	-7.21595073489059050E1
9.96010000000000060E10	-7.21858598399536610E1
9.97009999999999860E10	-7.22121855289670830E1
9.98010000000000020E10	-7.22384844707646770E1
9.99010000000000000E10	-7.22647567199959260E1
1.00000000000000000E11	-7.22907400067105050E1


